yeart,age,size,lst,die
1,1,70,4.248,1
13,1,28,3.332,0
1,1,13,2.565,1
1,1,5,1.609,1
12,1,6,1.792,0
15,1,19,2.944,1
15,1,27,3.296,1
13,1,44,3.784,1
2,1,18,2.890,1
8,1,28,3.332,0
12,1,6,1.792,0
9,1,8,2.079,0
11,1,8,2.079,0
14,1,8,2.079,0
9,1,8,2.079,0
11,1,8,2.079,0
12,1,8,2.079,0
2,1,28,3.332,0
11,1,8,2.079,0
13,1,28,3.332,0
8,1,28,3.332,0
13,1,40,3.689,1
11,1,30,3.401,0
3,1,30,3.401,1
8,1,29,3.367,0
15,1,22,3.091,1
11,1,10,2.303,1
11,1,14,2.639,1
11,1,10,2.303,1
12,1,30,3.401,0
9,1,30,3.401,0
15,1,25,3.219,1
15,1,33,3.497,1
15,1,22,3.091,1
11,1,28,3.332,0
15,1,28,3.332,1
12,1,29,3.367,0
2,1,29,3.367,0
5,1,29,3.367,0
15,1,28,3.332,0
14,1,28,3.332,0
2,1,9,2.197,0
14,1,10,2.303,0
14,1,10,2.303,0
7,1,10,2.303,0
6,1,10,2.303,0
13,1,10,2.303,0
1,1,10,2.303,0
11,1,10,2.303,0
13,1,10,2.303,0
11,1,10,2.303,0
14,1,10,2.303,0
4,1,12,2.485,0
8,1,27,3.296,0
12,1,12,2.485,0
6,1,12,2.485,0
12,1,27,3.296,0
11,1,10,2.303,0
6,1,10,2.303,0
1,1,11,2.398,0
4,1,12,2.485,0
15,1,28,3.332,0
14,1,10,2.303,0
12,1,10,2.303,0
12,1,10,2.303,0
11,1,10,2.303,0
11,1,10,2.303,0
2,1,10,2.303,0
1,1,10,2.303,0
12,1,28,3.332,0
4,1,10,2.303,0
12,1,10,2.303,0
11,1,10,2.303,0
11,1,10,2.303,0
11,1,10,2.303,0
11,1,10,2.303,0
9,1,10,2.303,0
11,1,10,2.303,0
11,1,10,2.303,0
6,1,10,2.303,0
7,1,10,2.303,0
7,1,10,2.303,0
11,1,10,2.303,0
9,1,10,2.303,1
8,1,31,3.434,0
7,1,12,2.485,1
8,1,31,3.434,0
14,1,40,3.689,1
14,1,31,3.434,0
9,1,40,3.689,1
12,1,31,3.434,0
14,1,46,3.829,1
8,1,31,3.434,0
14,1,30,3.401,0
14,1,22,3.091,1
11,1,30,3.401,0
9,1,23,3.135,1
12,1,30,3.401,0
14,1,15,2.708,1
14,1,30,3.401,1
13,1,30,3.401,0
14,1,20,2.996,1
8,1,30,3.401,0
14,1,10,2.303,1
2,1,32,3.466,0
3,1,24,3.178,1
2,1,32,3.466,0
11,1,20,2.996,1
11,1,25,3.219,1
7,1,20,2.996,1
11,1,10,2.303,1
7,1,25,3.219,1
13,1,20,2.996,1
2,1,32,3.466,0
14,1,15,2.708,1
13,1,18,2.890,1
9,1,30,3.401,1
15,1,25,3.219,1
11,1,15,2.708,1
7,1,20,2.996,1
11,1,20,2.996,1
7,1,20,2.996,1
14,1,32,3.466,0
14,1,32,3.466,0
14,1,13,2.565,1
14,1,15,2.708,1
7,1,30,3.401,0
15,1,10,2.303,1
14,1,42,3.738,1
11,1,15,2.708,1
9,1,25,3.219,1
15,1,35,3.555,1
14,1,12,2.485,1
7,1,30,3.401,0
15,1,37,3.611,1
9,1,30,3.401,0
15,1,46,3.829,1
11,1,10,2.303,1
15,1,51,3.932,1
7,1,30,3.401,0
9,1,10,2.303,1
15,1,65,4.174,1
15,1,43,3.761,1
11,1,30,3.401,0
9,1,30,3.401,0
8,1,19,2.944,1
8,1,25,3.219,1
2,1,30,3.401,0
11,1,20,2.996,1
14,1,25,3.219,1
13,1,15,2.708,1
9,1,20,2.996,1
15,1,30,3.401,0
14,1,22,3.091,1
9,1,15,2.708,1
15,1,35,3.555,1
15,1,30,3.401,0
9,1,25,3.219,1
5,1,30,3.401,0
5,1,30,3.401,0
5,1,30,3.401,0
15,1,30,3.401,0
15,1,35,3.555,1
14,1,15,2.708,1
9,1,15,2.708,1
14,1,24,3.178,0
7,1,18,2.890,0
13,1,18,2.890,0
13,1,18,2.890,0
14,1,18,2.890,0
2,1,25,3.219,0
2,1,25,3.219,0
8,1,18,2.890,0
14,1,18,2.890,0
7,1,18,2.890,0
11,1,24,3.178,0
6,1,19,2.944,0
7,1,20,2.996,0
13,1,20,2.996,0
11,1,20,2.996,0
9,1,18,2.890,0
10,1,18,2.890,0
14,1,19,2.944,0
14,1,24,3.178,0
8,1,19,2.944,0
7,1,18,2.890,0
13,1,18,2.890,0
15,1,25,3.219,0
11,1,18,2.890,0
2,1,25,3.219,0
7,1,18,2.890,0
13,1,18,2.890,0
13,1,17,2.833,0
4,1,18,2.890,0
9,1,18,2.890,0
4,1,18,2.890,0
2,1,18,2.890,0
2,1,18,2.890,0
2,1,25,3.219,0
14,1,18,2.890,0
9,1,25,3.219,0
11,1,25,3.219,0
2,1,25,3.219,0
6,1,18,2.890,0
8,1,18,2.890,0
14,1,25,3.219,0
4,1,23,3.135,0
2,1,23,3.135,0
14,1,23,3.135,0
2,1,20,2.996,0
9,1,20,2.996,0
14,1,20,2.996,0
7,1,20,2.996,0
8,1,23,3.135,0
12,1,23,3.135,0
9,1,20,2.996,0
5,1,22,3.091,0
14,1,22,3.091,0
15,1,22,3.091,0
12,1,22,3.091,0
15,1,22,3.091,0
14,1,21,3.045,0
11,1,22,3.091,0
2,1,22,3.091,0
13,1,21,3.045,0
8,1,21,3.045,0
7,1,20,2.996,0
9,1,23,3.135,0
7,1,20,2.996,0
2,1,20,2.996,0
9,1,20,2.996,0
12,1,20,2.996,0
13,1,20,2.996,0
9,1,20,2.996,0
13,1,20,2.996,0
12,1,20,2.996,0
9,1,20,2.996,0
7,1,20,2.996,0
7,1,20,2.996,0
9,1,20,2.996,0
7,1,20,2.996,0
7,1,20,2.996,0
9,1,20,2.996,0
15,1,20,2.996,0
7,1,23,3.135,0
8,1,20,2.996,0
13,1,20,2.996,0
15,1,15,2.708,0
14,1,15,2.708,0
14,1,15,2.708,0
8,1,26,3.258,0
11,1,15,2.708,0
6,1,14,2.639,0
12,1,26,3.258,0
13,1,26,3.258,0
7,1,14,2.639,0
13,1,26,3.258,0
11,1,15,2.708,0
11,1,26,3.258,0
11,1,15,2.708,0
14,1,15,2.708,0
2,1,15,2.708,0
2,1,26,3.258,0
14,1,26,3.258,0
2,1,26,3.258,0
11,1,15,2.708,0
7,1,15,2.708,0
13,1,26,3.258,0
13,1,27,3.296,0
7,1,13,2.565,0
11,1,13,2.565,0
13,1,27,3.296,0
11,1,13,2.565,0
7,1,12,2.485,0
13,1,12,2.485,0
7,1,12,2.485,0
8,1,12,2.485,0
14,1,12,2.485,0
4,1,14,2.639,0
2,1,27,3.296,0
8,1,14,2.639,0
13,1,14,2.639,0
14,1,26,3.258,0
14,1,13,2.565,0
13,1,13,2.565,0
14,1,13,2.565,0
13,1,13,2.565,0
7,1,13,2.565,0
7,1,25,3.219,0
7,1,17,2.833,0
14,1,25,3.219,0
9,1,25,3.219,0
7,1,17,2.833,0
8,1,16,2.773,0
2,1,16,2.773,0
14,1,16,2.773,0
1,1,17,2.833,0
9,1,16,2.773,0
8,1,17,2.833,0
14,1,17,2.833,0
1,1,25,3.219,0
8,1,17,2.833,0
8,1,17,2.833,0
13,1,25,3.219,0
9,1,25,3.219,0
11,1,25,3.219,0
15,1,25,3.219,0
9,1,25,3.219,0
12,1,16,2.773,0
7,1,15,2.708,0
14,1,15,2.708,0
7,1,15,2.708,0
8,1,15,2.708,0
14,1,26,3.258,0
13,1,26,3.258,0
11,1,15,2.708,0
14,1,15,2.708,0
6,1,15,2.708,0
13,1,15,2.708,0
1,1,15,2.708,0
13,1,15,2.708,0
14,1,16,2.773,0
4,1,16,2.773,0
6,1,16,2.773,0
7,1,15,2.708,0
7,1,15,2.708,0
9,1,15,2.708,0
13,1,15,2.708,0
13,1,15,2.708,0
14,1,15,2.708,1
14,1,10,2.303,1
9,1,15,2.708,1
14,1,10,2.303,1
14,1,15,2.708,1
7,1,43,3.761,0
9,1,8,2.079,1
14,1,10,2.303,1
14,1,12,2.485,1
13,1,41,3.714,0
14,1,42,3.738,0
14,1,13,2.565,1
7,1,85,4.443,1
8,1,22,3.091,1
11,1,12,2.485,1
8,1,43,3.761,0
4,1,42,3.738,0
5,1,43,3.761,0
9,1,5,1.609,1
7,1,21,3.045,1
14,1,23,3.135,1
16,1,45,3.807,0
1,1,45,3.807,0
13,1,25,3.219,1
7,1,47,3.850,0
13,1,47,3.850,0
13,1,45,3.807,0
11,1,37,3.611,1
8,1,56,4.025,1
15,1,45,3.807,0
8,1,34,3.526,1
2,1,44,3.784,0
14,1,37,3.611,1
7,1,37,3.611,1
6,1,11,2.398,1
7,1,45,3.807,0
6,1,45,3.807,0
6,1,35,3.555,1
13,1,14,2.639,1
13,1,40,3.689,0
12,1,10,2.303,1
14,1,10,2.303,1
16,1,30,3.401,1
6,1,40,3.689,0
13,1,13,2.565,1
13,1,12,2.485,1
13,1,10,2.303,1
4,1,30,3.401,1
16,1,25,3.219,1
14,1,13,2.565,1
2,1,20,2.996,1
14,1,35,3.555,1
6,1,40,3.689,0
16,1,65,4.174,1
12,1,7,1.946,1
2,1,15,2.708,1
14,1,15,2.708,1
14,1,40,3.689,0
8,1,35,3.555,1
11,1,40,3.689,0
15,1,40,3.689,0
4,1,11,2.398,1
6,1,40,3.689,0
11,1,41,3.714,0
14,1,8,2.079,1
13,1,40,3.689,0
13,1,12,2.485,1
13,1,8,2.079,1
13,1,10,2.303,1
13,1,16,2.773,1
13,1,31,3.434,1
7,1,40,3.689,0
14,1,12,2.485,1
11,1,25,3.219,1
6,1,40,3.689,0
7,1,73,4.290,0
9,1,30,3.401,1
4,1,15,2.708,1
15,1,72,4.277,0
2,1,25,3.219,1
16,1,75,4.317,0
2,1,16,2.773,1
4,1,18,2.890,1
7,1,75,4.317,0
8,1,63,4.143,0
8,1,24,3.178,1
9,1,60,4.094,0
6,1,60,4.094,0
11,1,5,1.609,1
15,1,68,4.220,0
4,1,20,2.996,1
15,1,30,3.401,1
15,1,30,3.401,1
5,1,80,4.382,0
8,1,28,3.332,1
15,1,50,3.912,1
15,1,30,3.401,1
12,1,30,3.401,1
15,1,40,3.689,1
7,1,100,4.605,0
14,1,22,3.091,1
15,1,45,3.807,1
14,1,31,3.434,1
11,1,65,4.174,1
13,1,86,4.454,0
8,1,83,4.419,0
2,1,12,2.485,1
1,1,75,4.317,1
14,1,28,3.332,1
15,1,30,3.401,1
15,1,40,3.689,1
15,1,35,3.555,1
15,1,60,4.094,0
12,1,28,3.332,1
8,1,23,3.135,1
15,1,37,3.611,1
6,1,52,3.951,0
14,1,16,2.773,1
14,1,41,3.714,1
14,1,21,3.045,1
14,1,12,2.485,1
15,1,55,4.007,1
3,1,50,3.912,0
13,1,12,2.485,1
1,1,50,3.912,0
15,1,50,3.912,0
1,1,25,3.219,1
14,1,15,2.708,1
15,1,22,3.091,1
1,1,50,3.912,1
14,1,22,3.091,1
1,1,20,2.996,1
15,1,20,2.996,1
14,1,23,3.135,1
2,1,55,4.007,0
3,1,36,3.584,1
15,1,50,3.912,1
8,1,58,4.060,0
3,1,42,3.738,1
15,1,33,3.497,1
15,1,35,3.555,1
13,1,18,2.890,1
1,1,25,3.219,1
14,1,18,2.890,1
15,1,53,3.970,0
1,1,20,2.996,1
7,1,55,4.007,0
10,1,50,3.912,1
1,1,35,3.555,1
7,1,55,4.007,0
14,1,8,2.079,1
14,1,5,1.609,1
7,1,20,2.996,1
14,1,7,1.946,1
15,1,10,2.303,1
15,1,15,2.708,1
15,1,18,2.890,1
15,1,30,3.401,1
15,1,18,2.890,1
2,1,35,3.555,0
15,1,35,3.555,0
2,1,35,3.555,0
15,1,38,3.638,1
15,1,37,3.611,1
3,1,45,3.807,1
3,1,39,3.664,1
15,1,28,3.332,1
16,1,35,3.555,0
15,1,28,3.332,1
15,1,15,2.708,1
14,1,22,3.091,1
15,1,20,2.996,1
15,1,28,3.332,1
15,1,23,3.135,1
15,1,15,2.708,1
15,1,20,2.996,1
13,1,35,3.555,0
15,1,15,2.708,1
15,1,28,3.332,1
14,1,16,2.773,1
15,1,32,3.466,1
15,1,23,3.135,1
15,1,24,3.178,1
15,1,26,3.258,1
15,1,25,3.219,1
15,1,35,3.555,1
15,1,27,3.296,1
14,1,15,2.708,1
9,1,10,2.303,1
15,1,20,2.996,1
7,1,33,3.497,0
15,1,33,3.497,0
9,1,15,2.708,1
8,1,16,2.773,1
8,1,26,3.258,1
8,1,34,3.526,0
13,1,15,2.708,1
13,1,32,3.466,0
8,1,17,2.833,1
8,1,20,2.996,1
14,1,10,2.303,1
13,1,32,3.466,0
5,1,33,3.497,0
13,1,32,3.466,0
7,1,15,2.708,1
13,1,34,3.526,0
15,1,35,3.555,1
14,1,18,2.890,1
15,1,30,3.401,1
9,1,20,2.996,1
15,1,28,3.332,1
14,1,38,3.638,1
7,1,35,3.555,0
7,1,35,3.555,0
7,1,15,2.708,1
7,1,20,2.996,1
15,1,40,3.689,1
13,1,34,3.526,0
2,1,34,3.526,0
15,1,25,3.219,1
13,1,35,3.555,0
15,1,25,3.219,1
15,1,25,3.219,1
15,1,25,3.219,1
15,1,68,4.220,1
15,1,28,3.332,1
15,1,35,3.555,1
8,1,19,2.944,1
13,1,14,2.639,1
9,1,15,2.708,1
14,1,37,3.611,0
15,1,37,3.611,0
14,1,24,3.178,1
13,1,23,3.135,1
2,1,15,2.708,1
8,1,38,3.638,0
8,1,37,3.611,0
1,1,50,3.912,1
13,1,15,2.708,1
9,1,20,2.996,1
2,1,22,3.091,1
11,1,38,3.638,0
4,1,6,1.792,1
2,1,37,3.611,0
13,1,38,3.638,0
13,1,37,3.611,0
8,1,21,3.045,1
15,1,25,3.219,1
8,1,11,2.398,1
13,1,14,2.639,1
14,1,37,3.611,1
15,1,35,3.555,1
15,1,40,3.689,1
13,1,36,3.584,0
1,1,40,3.689,1
13,1,25,3.219,1
7,1,36,3.584,0
15,1,25,3.219,1
13,1,23,3.135,1
3,1,40,3.689,1
9,1,13,2.565,1
13,1,38,3.638,0
14,1,15,2.708,1
11,1,20,2.996,1
14,2,30,3.401,0
8,2,62,4.127,0
14,2,28,3.332,0
5,2,28,3.332,0
3,2,66,4.190,0
15,2,35,3.555,0
13,2,24,3.178,0
3,2,67,4.205,0
3,2,70,4.248,0
8,2,72,4.277,0
8,2,24,3.178,0
3,2,65,4.174,0
2,2,65,4.174,0
15,2,35,3.555,0
14,2,34,3.526,0
7,2,90,4.500,0
8,2,40,3.689,0
13,2,22,3.091,0
14,2,32,3.466,0
14,2,22,3.091,0
8,2,22,3.091,0
14,2,32,3.466,0
10,2,39,3.664,0
14,2,38,3.638,0
13,2,22,3.091,0
12,2,22,3.091,0
12,2,22,3.091,0
8,2,39,3.664,0
8,2,95,4.554,0
14,2,32,3.466,0
14,2,38,3.638,0
11,2,33,3.497,0
8,2,23,3.135,0
5,2,73,4.290,0
8,2,23,3.135,0
13,2,38,3.638,0
8,2,34,3.526,0
12,2,32,3.466,0
11,2,40,3.689,0
13,2,32,3.466,0
6,2,88,4.477,0
13,2,40,3.689,0
10,2,23,3.135,0
8,2,32,3.466,0
9,2,23,3.135,0
8,2,42,3.738,0
14,2,47,3.850,0
7,2,48,3.871,0
6,2,47,3.850,0
14,2,25,3.219,0
14,2,42,3.738,0
3,2,46,3.829,0
14,2,50,3.912,0
6,2,50,3.912,0
8,2,42,3.738,0
15,2,26,3.258,0
6,2,50,3.912,0
9,2,50,3.912,0
14,2,25,3.219,0
3,2,50,3.912,0
2,2,45,3.807,0
14,2,36,3.584,0
3,2,36,3.584,0
14,2,44,3.784,0
15,2,35,3.555,0
8,2,44,3.784,0
13,2,44,3.784,0
14,2,26,3.258,0
14,2,45,3.807,0
14,2,45,3.807,0
14,2,42,3.738,0
2,2,45,3.807,0
15,2,30,3.401,0
8,2,29,3.367,0
13,2,29,3.367,0
9,2,50,3.912,0
10,2,55,4.007,0
5,2,38,3.638,0
8,2,28,3.332,0
5,2,38,3.638,0
4,2,54,3.989,0
6,2,38,3.638,0
13,2,54,3.989,0
3,2,27,3.296,0
8,2,57,4.043,0
6,2,35,3.555,0
8,2,30,3.401,0
5,2,28,3.332,0
9,2,55,4.007,0
8,2,24,3.178,0
15,2,35,3.555,0
2,2,25,3.219,0
15,2,30,3.401,0
15,2,35,3.555,0
6,2,37,3.611,0
12,2,30,3.401,0
14,2,27,3.296,0
15,2,28,3.332,0
9,2,25,3.219,0
7,2,28,3.332,0
5,2,25,3.219,0
7,2,27,3.296,0
8,2,53,3.970,0
15,2,25,3.219,0
9,2,30,3.401,0
8,2,37,3.611,0
8,2,20,2.996,1
10,2,20,2.996,1
8,2,11,2.398,1
9,2,15,2.708,1
9,2,15,2.708,1
9,2,14,2.639,1
15,2,67,4.205,1
14,2,29,3.367,1
14,2,34,3.526,1
8,2,18,2.890,1
8,2,20,2.996,1
8,2,27,3.296,1
9,2,25,3.219,1
15,2,35,3.555,1
15,2,15,2.708,1
15,2,25,3.219,1
15,2,40,3.689,1
10,2,23,3.135,1
12,2,35,3.555,1
15,2,15,2.708,1
9,2,12,2.485,1
15,2,27,3.296,1
15,2,35,3.555,1
15,2,18,2.890,1
9,2,15,2.708,1
14,2,65,4.174,1
15,2,40,3.689,1
15,2,35,3.555,1
15,2,32,3.466,1
10,2,25,3.219,1
15,2,34,3.526,1
15,2,30,3.401,1
15,2,34,3.526,1
3,2,25,3.219,1
3,2,55,4.007,1
15,2,42,3.738,1
15,2,35,3.555,1
15,2,30,3.401,1
11,2,20,2.996,1
14,2,20,2.996,1
15,2,42,3.738,1
15,2,65,4.174,1
9,2,13,2.565,1
14,2,77,4.344,1
10,2,25,3.219,1
14,2,37,3.611,1
10,2,20,2.996,1
15,2,65,4.174,1
8,2,50,3.912,1
14,2,20,2.996,1
14,2,32,3.466,1
3,2,26,3.258,1
3,2,30,3.401,1
14,2,35,3.555,1
3,2,20,2.996,1
3,2,76,4.331,1
3,2,45,3.807,1
14,2,45,3.807,1
14,2,22,3.091,1
10,2,50,3.912,1
12,2,32,3.466,1
15,2,23,3.135,1
14,2,32,3.466,1
2,2,20,2.996,1
15,2,35,3.555,1
2,2,18,2.890,1
2,2,12,2.485,1
15,2,50,3.912,1
15,2,50,3.912,1
15,2,30,3.401,1
5,2,15,2.708,1
5,2,18,2.890,1
15,2,70,4.248,1
3,2,45,3.807,1
2,2,28,3.332,1
2,2,20,2.996,1
8,2,43,3.761,1
3,2,55,4.007,1
3,2,20,2.996,1
15,2,40,3.689,1
3,2,30,3.401,1
3,2,64,4.159,1
16,2,75,4.317,1
3,2,66,4.190,1
9,2,12,2.485,1
15,2,22,3.091,1
15,2,50,3.912,1
15,2,45,3.807,1
15,2,40,3.689,1
3,2,40,3.689,1
12,2,12,2.485,1
7,2,20,2.996,1
3,2,55,4.007,1
12,2,20,2.996,1
9,2,20,2.996,1
14,2,24,3.178,1
10,2,44,3.784,1
3,2,39,3.664,1
3,2,25,3.219,1
3,2,44,3.784,1
13,2,50,3.912,1
3,2,44,3.784,1
7,2,85,4.443,1
7,2,15,2.708,0
14,2,15,2.708,0
9,2,20,2.996,0
7,2,14,2.639,0
7,2,20,2.996,0
7,2,15,2.708,0
14,2,15,2.708,0
12,2,15,2.708,0
12,2,14,2.639,0
7,2,20,2.996,0
2,2,14,2.639,0
12,2,14,2.639,0
8,2,14,2.639,0
9,2,20,2.996,0
14,2,14,2.639,0
7,2,20,2.996,0
12,2,15,2.708,0
14,2,18,2.890,0
8,2,18,2.890,0
8,2,17,2.833,0
8,2,17,2.833,0
14,2,18,2.890,0
7,2,18,2.890,0
11,2,18,2.890,0
14,2,18,2.890,0
12,2,17,2.833,0
12,2,17,2.833,0
12,2,16,2.773,0
12,2,17,2.833,0
5,2,17,2.833,0
8,2,18,2.890,0
12,2,17,2.833,0
13,2,20,2.996,0
14,2,20,2.996,0
12,2,21,3.045,0
11,2,22,3.091,0
12,2,12,2.485,0
12,2,7,1.946,0
12,2,11,2.398,0
12,2,12,2.485,0
12,2,8,2.079,0
12,2,11,2.398,0
8,2,12,2.485,0
13,2,22,3.091,0
10,2,13,2.565,0
11,2,7,1.946,0
8,2,21,3.045,0
15,2,21,3.045,0
13,2,13,2.565,0
13,2,22,3.091,0
2,2,12,2.485,0
10,2,9,2.197,0
12,2,13,2.565,0
14,2,20,2.996,0
8,3,24,3.178,0
9,3,40,3.689,0
6,3,42,3.738,0
8,3,21,3.045,0
13,3,11,2.398,1
8,3,42,3.738,0
13,3,24,3.178,0
13,3,18,2.890,1
15,3,40,3.689,0
4,3,52,3.951,1
8,3,34,3.526,1
15,3,45,3.807,1
14,3,22,3.091,1
4,3,25,3.219,0
13,3,22,3.091,0
13,3,38,3.638,0
4,3,24,3.178,1
13,3,18,2.890,0
13,3,18,2.890,0
16,3,50,3.912,1
11,3,37,3.611,1
10,3,20,2.996,1
11,3,60,4.094,1
9,3,18,2.890,0
6,3,80,4.382,0
15,3,40,3.689,0
12,3,25,3.219,0
13,3,39,3.664,0
9,3,18,2.890,0
9,3,40,3.689,0
11,3,20,2.996,0
15,3,40,3.689,1
8,3,54,3.989,0
7,3,70,4.248,0
15,3,55,4.007,0
16,3,70,4.248,0
15,3,30,3.401,1
15,3,70,4.248,0
15,3,30,3.401,1
9,3,23,3.135,0
8,3,50,3.912,0
14,3,65,4.174,0
9,3,65,4.174,0
3,3,16,2.773,1
3,3,20,2.996,1
7,3,60,4.094,0
11,3,20,2.996,0
7,3,55,4.007,0
13,3,23,3.135,0
13,3,40,3.689,1
14,3,56,4.025,0
13,3,50,3.912,0
14,3,45,3.807,0
12,3,45,3.807,0
6,3,21,3.045,0
12,3,11,2.398,1
14,3,30,3.401,1
9,3,25,3.219,1
7,3,43,3.761,0
8,3,23,3.135,0
6,3,45,3.807,0
9,3,25,3.219,1
9,3,10,2.303,1
3,3,95,4.554,1
7,3,50,3.912,0
9,3,50,3.912,1
13,3,15,2.708,1
15,3,45,3.807,0
13,3,20,2.996,0
13,3,46,3.829,0
13,3,12,2.485,1
9,3,20,2.996,0
15,3,25,3.219,0
4,3,31,3.434,0
15,3,50,3.912,1
13,3,26,3.258,0
13,3,15,2.708,0
15,3,30,3.401,0
8,3,26,3.258,0
11,3,30,3.401,0
15,3,70,4.248,1
9,3,14,2.639,0
9,3,20,2.996,1
9,3,30,3.401,1
14,3,17,2.833,0
15,3,18,2.890,1
9,3,13,2.565,1
9,3,15,2.708,0
15,3,32,3.466,0
14,3,26,3.258,0
9,3,14,2.639,1
13,3,26,3.258,0
9,3,30,3.401,0
14,3,30,3.401,0
15,3,42,3.738,1
11,3,30,3.401,0
13,3,27,3.296,1
13,3,28,3.332,0
8,3,28,3.332,0
14,3,28,3.332,0
8,3,28,3.332,0
13,3,27,3.296,0
11,3,30,3.401,0
15,3,66,4.190,1
10,3,25,3.219,1
11,3,20,2.996,1
11,3,20,2.996,1
15,3,55,4.007,1
9,3,30,3.401,0
15,3,60,4.094,1
15,3,55,4.007,1
15,3,33,3.497,1
11,3,35,3.555,0
13,3,36,3.584,0
3,3,65,4.174,1
3,3,64,4.159,1
3,3,80,4.382,1
16,3,35,3.555,0
8,3,35,3.555,0
15,3,33,3.497,1
11,3,17,2.833,0
15,3,20,2.996,1
9,3,35,3.555,0
9,3,18,2.890,1
13,3,18,2.890,0
12,3,37,3.611,0
11,3,17,2.833,0
6,3,37,3.611,0
7,3,110,4.700,1
13,3,50,3.912,1
15,4,55,4.007,0
10,4,25,3.219,1
11,4,30,3.401,1
14,4,40,3.689,1
5,4,55,4.007,0
7,4,85,4.443,0
9,4,35,3.555,0
10,4,8,2.079,0
9,4,30,3.401,0
14,4,32,3.466,1
11,4,15,2.708,1
8,4,51,3.932,0
12,4,25,3.219,0
14,4,63,4.143,1
14,4,19,2.944,1
8,4,53,3.970,0
11,4,18,2.890,0
7,4,65,4.174,0
11,4,23,3.135,0
12,4,18,2.890,0
12,4,31,3.434,1
14,4,30,3.401,0
7,4,60,4.094,1
15,4,30,3.401,1
7,4,60,4.094,1
4,4,55,4.007,0
8,4,57,4.043,0
14,4,43,3.761,1
7,4,85,4.443,0
8,4,57,4.043,0
14,4,27,3.296,0
15,4,25,3.219,1
14,4,39,3.664,0
15,4,35,3.555,1
13,4,37,3.611,1
13,4,37,3.611,1
11,4,45,3.807,0
9,4,40,3.689,0
9,4,25,3.219,1
10,4,18,2.890,1
12,4,32,3.466,0
9,4,20,2.996,1
14,4,30,3.401,1
14,4,29,3.367,1
9,4,50,3.912,1
14,4,15,2.708,1
14,4,23,3.135,1
12,4,24,3.178,0
12,4,11,2.398,1
14,4,31,3.434,1
14,4,33,3.497,0
11,4,25,3.219,1
14,4,44,3.784,0
14,4,28,3.332,1
10,4,50,3.912,1
15,4,30,3.401,1
14,4,30,3.401,1
7,4,25,3.219,1
5,4,35,3.555,0
11,4,49,3.892,0
11,5,30,3.401,0
9,5,68,4.220,0
11,5,13,2.565,0
13,5,50,3.912,0
9,5,45,3.807,1
6,5,22,3.091,0
12,5,42,3.738,0
12,5,22,3.091,0
12,5,17,2.833,0
10,5,40,3.689,0
11,5,30,3.401,0
12,5,28,3.332,0
13,5,42,3.738,0
14,5,50,3.912,1
5,5,57,4.043,0
11,5,30,3.401,0
15,5,40,3.689,0
11,5,35,3.555,0
11,5,11,2.398,1
15,5,48,3.871,1
9,5,55,4.007,0
11,5,15,2.708,1
15,5,55,4.007,0
11,5,20,2.996,0
13,6,33,3.497,0
10,6,80,4.382,0
13,6,31,3.434,0
11,6,42,3.738,0
12,6,32,3.466,1
12,6,19,2.944,0
7,6,30,3.401,0
6,6,70,4.248,0
14,6,52,3.951,0
12,6,30,3.401,0
12,7,36,3.584,0
15,7,70,4.248,0
13,7,51,3.932,0
13,7,32,3.466,1
13,7,31,3.434,1
14,7,33,3.497,0
14,8,60,4.094,1
15,8,48,3.871,0
14,8,33,3.497,0
9,8,20,2.996,0
10,9,30,3.401,1